null- disCount



1111    2222                3333.00    5555.00
3333                        6666.00
4444                        7777.00



2222    1111                5555.00    3333.00
        3333                           6666.00
        4444                           7777.00
        5555                           8888.00



1111    2222                3333.00    5555.00
3333                        6666.00
4444                        7777.00
5555                        8888.00
6666                        9999.00
7777                        11110.00
8sss888                        12221.00